################################################################################
#Datasets Realated Modeling_Extreme_Events_in_the_Presence_of_Inlier
################################################################################
#Dataset1
#cps91 dataset from the Wooldridge package in R,
library(wooldridge) 
data1<-cps91$earns   # 
plot(data1)
hist(data1,breaks = 50)
sum(data1==0)
length(data1)
plot.ts(data1)
################################################################################
#Dataset2
#monthly rainfall data from 1971 to 2007, having a length of n = 441, recorded
#at the Modikuppam rainfall station near Gudiyattam in Vellore district, Tamil Nadu.
################################################################################

data2 <- c(35.30, 29.10, 342.70, 84.37, 174.70, 155.80, 232.40, 241.40, 139.20, 
        307.40, 224.40, 0.00, 112.80, 121.02, 0.00, 185.30, 140.31, 150.40, 
        83.20, 100.80, 244.06, 229.40, 220.00, 286.76, 0.00, 0.00, 0.00, 
        68.00, 219.00, 129.60, 144.00, 155.60, 194.00, 321.80, 238.60, 149.80, 
        0.00,

        0.00, 0.00, 46.60, 232.20, 319.60, 163.40, 374.40, 271.20, 
        199.20, 160.60, 0.00, 0.00, 0.00, 0.00, 216.00, 220.60, 251.60, 
        190.00, 121.60, 177.00, 118.00, 6.40, 9.20, 0.00, 0.00, 35.00, 
        44.00, 14.20, 203.15, 194.80, 76.40, 210.20, 174.60, 2.64, 0.00, 
        1.60, 0.00, 

        29.80, 51.00, 127.90, 64.60, 227.00, 76.40, 204.80, 305.00, 
        0.00, 2.40, 3.86, 0.00, 38.66, 29.80, 20.20, 101.20, 32.28, 281.50, 
        116.60, 113.70, 181.90, 0.00, 26.50, 5.80, 2.70, 22.50, 32.80, 
        148.70, 46.20, 299.30, 132.20, 499.20, 12.00, 0.00, 0.00, 0.00, 0.00,

       67.00, 43.00, 95.00, 0.00, 18.00, 37.00, 123.00, 29.20, 0.00, 
        30.20, 0.00, 0.00, 0.00, 0.00, 0.00, 34.00, 206.20, 218.90, 
        319.90, 57.00, 0.00, 82.00, 17.80, 22.50, 8.00, 69.50, 143.14, 
        14.20, 57.30, 210.80, 69.00, 122.00, 0.00, 0.00, 21.00, 0.00, 
        170.00, 95.10,

       141.50, 248.80, 258.70, 45.50, 21.00, 181.50, 0.00, 76.30, 90.10, 0.00, 
        33.20, 21.80, 147.10, 7.20, 171.20, 136.40, 97.80, 41.50, 0.00, 0.00, 
        0.00, 38.00, 27.20, 124.70, 186.40, 204.40, 134.60, 74.52, 187.90, 
        17.40, 56.60, 5.00, 0.00, 9.80, 31.60, 26.80, 115.24, 48.00,


      156.10, 119.20, 174.10, 13.00, 22.00, 0.00, 24.40, 6.40, 8.20, 
        104.00, 44.80, 160.80, 81.60, 80.85, 103.60, 128.60, 0.00, 0.00, 
        1.20, 78.00, 70.80, 10.50, 204.40, 330.70, 178.10, 93.60, 31.20, 
        30.20, 0.00, 0.00, 18.40, 1.00, 64.60, 44.30, 380.20, 6.20, 173.00, 
        74.80,

        82.00, 17.80, 0.00, 4.00, 10.60, 12.20, 137.20, 27.00, 14.60, 112.60, 
        164.00, 50.80, 111.80, 8.40, 0.00, 0.00, 0.00, 70.72, 23.60, 252.60, 
        48.40, 257.60, 132.60, 476.00, 182.30, 0.00, 1.00, 0.00, 0.00, 15.60, 
        104.70, 34.30, 48.00, 36.00, 75.80, 158.00, 191.00, 14.50,

        0.00, 0.00, 0.00, 0.00, 26.00, 127.20, 9.00, 151.40, 244.30, 182.00, 
        187.00, 120.50, 0.00, 0.00, 0.00, 28.50, 74.50, 46.50, 209.00, 156.50, 
        115.50, 212.50, 108.50, 6.50, 23.00, 10.50, 40.00, 0.00, 450.00, 122.90, 
        188.90, 239.50, 124.50, 115.50, 17.50, 0.00, 0.00,

        2.50, 72.00, 36.00, 256.00, 41.40, 277.50, 398.60, 164.50, 74.04, 334.40, 
        0.50, 0.00, 0.00, 51.00, 8.00, 12.00, 0.00, 11.00, 84.50, 7.30, 96.50, 
        174.00, 0.00, 0.00, 0.00, 27.00, 14.50, 73.00, 248.50, 137.60, 262.70, 
        303.00, 237.70, 132.00, 4.50, 0.00, 0.00, 14.50,

        56.00, 42.00, 0.00, 82.00, 105.00, 210.00, 158.50, 50.50, 
         0.00, 97.50, 0.00, 39.50, 83.30, 77.80, 62.20, 208.80, 
         96.10, 55.20, 0.00, 69.00, 0.00, 0.00, 0.00, 27.20, 
         116.00, 13.80, 111.20, 52.40, 237.00, 194.00, 30.70, 
         44.80, 4.20, 0.00, 0.00, 17.40, 176.50, 129.00,

        7.60, 59.30, 128.80, 0.00, 0.00, 0.00, 0.00, 0.00, 0.00, 0.00, 
         53.40, 157.60, 299.40, 133.50, 150.20, 195.40, 33.00, 3.00, 
         3.40, 0.00, 0.00, 15.80, 232.80, 8.80, 123.20, 47.00, 154.00, 
         103.20, 89.80, 0.00, 0.00, 0.00, 20.00,

         41.20, 109.00, 52.20, 136.10, 92.60, 94.20, 289.60, 145.90, 
         72.20, 0.00, 0.00, 21.40, 60.20, 53.86, 93.20, 27.80, 45.40, 
         205.40, 101.20, 128.20, 0.00, 0.00, 0.00, 31.20, 40.60, 
         61.60, 203.00, 134.00, 22.00, 200.00, 0.00, 200.00)


# Displaying the vector
plot.ts(data2)
plot(data2)
hist(data2)
sum(data2==0)
n<-length(data2)
n
################################################################################
################################################################################
